=~=~=~=~=~=~=~=~=~=~=~= PuTTY log 2019.03.22 10:34:05 =~=~=~=~=~=~=~=~=~=~=~=
7.49 7.03
7.49 7.03
7.49 7.11
7.49 7.18
7.49 7.26
7.49 7.26
7.49 7.33
7.49 7.33
7.49 6.73
7.49 7.70
1.49 1.50
1.49 1.57
1.49 1.50
1.49 1.50
1.49 1.50
1.49 1.57
1.49 1.50
1.49 1.50
1.49 1.50
1.49 1.50
1.49 1.50
2.49 2.02
2.49 2.17
2.49 2.17
2.49 2.24
2.49 2.24
2.49 2.24
2.49 2.32
2.49 2.39
2.49 2.47
2.49 2.39
2.49 2.47
2.49 2.47
2.49 2.47
2.49 2.47
2.49 2.54
2.49 2.54
2.49 2.47
2.49 2.47
2.49 2.47
2.49 2.24
2.49 2.47
2.49 2.47
2.49 2.47
2.49 2.47
2.49 2.54
2.49 2.54
2.49 2.47
2.49 2.47
2.49 2.47
2.49 2.47
3.49 2.92
3.49 3.14
3.49 3.14
3.49 2.92
3.49 3.29
3.49 3.37
3.49 3.29
3.49 3.37
3.49 3.37
3.49 3.37
3.49 3.37
3.49 3.44
3.49 3.44
3.49 3.44
3.49 3.52
3.49 3.52
3.49 3.52
3.49 3.44
3.49 3.52
3.49 3.52
3.49 3.52
3.49 3.44
3.49 3.52
3.49 3.44
3.49 3.44
3.49 3.52
3.49 3.52
3.49 3.44
3.49 3.44
3.49 3.52
4.49 3.89
4.49 4.11
4.49 4.19
4.49 4.26
4.49 4.26
4.49 4.34
4.49 4.34
4.49 4.34
4.49 4.41
4.49 4.41
4.49 4.41
4.49 4.41
4.49 4.49
4.49 4.41
4.49 4.41
4.49 4.08
4.49 4.49
4.49 4.49
4.49 4.49
4.49 4.49
4.49 4.49
4.49 4.49
4.49 4.49
4.49 4.49
4.49 4.49
4.49 4.49
4.49 4.49
4.49 4.49
4.49 4.49
4.49 4.08
5.49 4.79
5.49 5.09
5.49 5.09
5.49 5.24
5.49 5.31
5.49 5.24
5.49 5.31
5.49 5.39
5.49 5.39
5.49 5.46
5.49 5.39
5.49 5.39
5.49 5.39
5.49 5.46
5.49 5.46
5.49 5.46
5.49 5.46
5.49 5.46
5.49 5.46
5.49 5.61
5.49 5.61
5.49 5.54
5.49 5.54
5.49 5.54
5.49 5.54
5.49 5.54
5.49 5.54
5.49 5.03
5.49 5.46
5.49 5.46
6.49 5.76
6.49 6.06
6.49 6.13
6.49 6.13
6.49 6.21
6.49 6.36
6.49 6.36
6.49 6.43
6.49 6.36
6.49 6.36
6.49 6.43
6.49 5.85
6.49 6.43
6.49 6.43
6.49 6.43
6.49 6.43
6.49 6.43
6.49 6.51
6.49 6.51
6.49 6.43
6.49 6.51
6.49 6.51
6.49 6.51
6.49 6.51
6.49 6.51
6.49 6.51
6.49 6.51
6.49 6.51
6.49 6.43
6.49 6.43
7.49 6.58
7.49 6.96
7.49 7.03
7.49 7.11
7.49 7.26
7.49 7.33
7.49 7.33
7.49 7.33
7.49 7.33
7.49 7.33
7.49 7.41
7.49 7.48
7.49 7.41
7.49 7.48
7.49 7.48
7.49 7.48
7.49 7.48
7.49 7.48
7.49 7.48
7.49 7.48
7.49 7.48
7.49 7.48
7.49 7.48
7.49 7.48
7.49 7.48
7.49 7.48
7.49 7.48
7.49 7.48
7.49 7.48
7.49 7.55
8.49 7.55
8.49 7.93
8.49 7.93
8.49 8.00
8.49 8.00
8.49 7.93
8.49 8.00
8.49 8.00
8.49 8.08
8.49 8.00
8.49 8.00
8.49 8.00
8.49 8.00
8.49 8.00
8.49 8.00
8.49 8.08
8.49 8.00
8.49 8.00
8.49 7.28
8.49 8.00
8.49 8.00
8.49 8.00
8.49 8.00
8.49 8.00
8.49 8.00
8.49 8.00
8.49 8.00
8.49 8.00
8.49 8.00
8.49 8.00
-8.51 8.00
-8.51 -1.80
-8.51 -1.27
-8.51 -2.69
-8.51 -3.67
-8.51 -4.49
-8.51 -5.09
-8.51 -5.68
-8.51 -6.13
-8.51 -6.51
-8.51 -6.81
-8.51 -7.03
-8.51 -7.33
-8.51 -7.33
-8.51 -7.41
-8.51 -7.41
-8.51 -6.73
-8.51 -7.48
-8.51 -7.41
-8.51 -7.41
-8.51 -7.41
-8.51 -7.41
-8.51 -7.41
-8.51 -7.41
-8.51 -7.41
-8.51 -7.41
-8.51 -7.41
-8.51 -7.41
-8.51 -7.41
-8.51 -7.41
-7.51 -7.41
-7.51 -7.41
-7.51 -7.41
-7.51 -7.41
-7.51 -7.41
-7.51 -7.41
-7.51 -7.33
-7.51 -7.41
-7.51 -7.41
-7.51 -7.41
-7.51 -7.41
-7.51 -7.41
-7.51 -7.41
-7.51 -7.41
-7.51 -7.41
-7.51 -7.41
-7.51 -7.41
-7.51 -7.41
-7.51 -7.41
-7.51 -7.33
-7.51 -7.41
-7.51 -7.41
-7.51 -7.41
-7.51 -7.41
-7.51 -7.41
-7.51 -7.41
-7.51 -7.41
-7.51 -7.41
-7.51 -7.41
-7.51 -7.33
-6.51 -7.11
-6.51 -6.96
-6.51 -6.88
-6.51 -6.88
-6.51 -6.81
-6.51 -6.73
-6.51 -6.12
-6.51 -6.66
-6.51 -6.66
-6.51 -6.58
-6.51 -6.58
-6.51 -6.58
-6.51 -6.58
-6.51 -6.58
-6.51 -6.51
-6.51 -6.81
-6.51 -6.66
-6.51 -6.58
-6.51 -6.58
-6.51 -6.58
-6.51 -6.58
-6.51 -6.51
-6.51 -6.58
-6.51 -6.51
-6.51 -6.51
-6.51 -6.51
-6.51 -6.73
-6.51 -6.66
-6.51 -6.58
-6.51 -6.51
-5.51 -6.21
-5.51 -5.91
-5.51 -5.91
-5.51 -5.76
-5.51 -5.76
-5.51 -5.76
-5.51 -5.68
-5.51 -5.83
-5.51 -5.76
-5.51 -5.61
-5.51 -5.61
-5.51 -5.61
-5.51 -5.61
-5.51 -5.61
-5.51 -5.61
-5.51 -5.61
-5.51 -5.54
-5.51 -5.54
-5.51 -5.54
-5.51 -5.54
-5.51 -5.46
-5.51 -5.46
-5.51 -5.46
-5.51 -5.54
-5.51 -5.46
-5.51 -5.46
-5.51 -5.46
-5.51 -5.54
-5.51 -5.54
-5.51 -5.54
-4.51 -5.09
-4.51 -4.94
-4.51 -4.86
-4.51 -4.86
-4.51 -4.79
-4.51 -4.71
-4.51 -4.64
-4.51 -4.22
-4.51 -4.64
-4.51 -4.64
-4.51 -4.64
-4.51 -4.64
-4.51 -4.56
-4.51 -4.56
-4.51 -4.56
-4.51 -4.56
-4.51 -4.49
-4.51 -4.56
-4.51 -4.56
-4.51 -4.56
-4.51 -4.56
-4.51 -4.56
-4.51 -4.49
-4.51 -4.49
-4.51 -4.49
-4.51 -4.49
-4.51 -4.49
-4.51 -4.49
-4.51 -4.56
-4.51 -4.49
-3.51 -4.19
-3.51 -3.89
-3.51 -3.54
-3.51 -3.81
-3.51 -3.89
-3.51 -3.89
-3.51 -3.74
-3.51 -3.59
-3.51 -3.67
-3.51 -3.67
-3.51 -3.59
-3.51 -3.59
-3.51 -3.52
-3.51 -3.52
-3.51 -3.59
-3.51 -3.59
-3.51 -3.52
-3.51 -3.52
-3.51 -3.52
-3.51 -3.52
-3.51 -3.52
-3.51 -3.52
-3.51 -3.52
-3.51 -3.52
-3.51 -3.52
-3.51 -3.52
-3.51 -3.52
-3.51 -3.26
-3.51 -3.52
-3.51 -3.52
-2.51 -3.22
-2.51 -2.99
-2.51 -2.92
-2.51 -2.92
-2.51 -2.84
-2.51 -2.77
-2.51 -2.77
-2.51 -2.69
-2.51 -2.62
-2.51 -2.62
-2.51 -2.62
-2.51 -2.38
-2.51 -2.62
-2.51 -2.54
-2.51 -2.54
-2.51 -2.54
-2.51 -2.54
-2.51 -2.54
-2.51 -2.54
-2.51 -2.47
-2.51 -2.54
-2.51 -2.54
-2.51 -2.54
-2.51 -2.54
-2.51 -2.54
-2.51 -2.54
-2.51 -2.54
-2.51 -2.54
-2.51 -2.54
-2.51 -2.47
-1.51 -2.32
-1.51 -1.94
-1.51 -1.94
-1.51 -1.80
-1.51 -1.72
-1.51 -1.72
-1.51 -1.50
-1.51 -1.65
-1.51 -1.65
-1.51 -1.57
-1.51 -1.57
-1.51 -1.57
-1.51 -1.65
-1.51 -1.50
-1.51 -1.50
-1.51 -1.57
-1.51 -1.57
-1.51 -1.57
-1.51 -1.50
-1.51 -1.50
-1.51 -1.36
-1.51 -1.57
-1.51 -1.50
-1.51 -1.57
-1.51 -1.57
-1.51 -1.57
-1.51 -1.50
-1.51 -1.50
-1.51 -1.50
-1.51 -1.50
-0.51 -1.35
-0.51 -0.97
-0.51 -0.90
-0.51 -0.82
-0.51 -0.82
-0.51 -0.75
-0.51 -0.67
-0.51 -0.75
-0.51 -0.67
-0.51 -0.60
-0.51 -0.60
-0.51 -0.60
-0.51 -0.60
-0.51 -0.52
-0.51 -0.52
-0.51 -0.52
-0.51 -0.52
-0.51 -0.60
-0.51 -0.52
-0.51 -0.52
-0.51 -0.52
-0.51 -0.48
-0.51 -0.45
-0.51 -0.52
-0.51 -0.52
-0.51 -0.52
-0.51 -0.60
-0.51 -0.52
-0.51 -0.45
-0.51 -0.45
0.49 -0.45
0.49 0.07
0.49 0.00
0.49 0.00
0.49 0.00
0.49 0.00
0.49 0.00
0.49 0.00
0.49 0.30
0.49 0.30
0.49 0.37
0.49 0.37
0.49 0.37
0.49 0.37
0.49 0.45
0.49 0.45
0.49 0.37
0.49 0.52
0.49 0.52
0.49 0.45
0.49 0.45
0.49 0.45
0.49 0.52
0.49 0.45
0.49 0.45
0.49 0.52
0.49 0.52
0.49 0.45
0.49 0.48
0.49 0.52
1.49 0.52
1.49 1.05
1.49 1.05
1.49 1.20
1.49 1.27
1.49 1.35
1.49 1.27
1.49 1.35
1.49 1.35
1.49 1.42
1.49 1.42
1.49 1.42
1.49 1.42
1.49 1.50
1.49 1.50
1.49 1.36
1.49 1.42
1.49 1.50
1.49 1.50
1.49 1.50
1.49 1.50
1.49 1.50
1.49 1.50
1.49 1.50
1.49 1.50
1.49 1.50
1.49 1.50
1.49 1.57
1.49 1.50
1.49 1.36
2.49 2.09
2.49 2.09
2.49 2.17
2.49 2.17
2.49 2.24
2.49 2.32
2.49 2.39
2.49 2.39
2.49 2.39
2.49 2.39
2.49 2.47
2.49 2.54
2.49 2.47
2.49 2.54
2.49 2.47
2.49 2.47
2.49 2.47
2.49 2.47
2.49 2.54
2.49 2.54
2.49 2.47
2.49 2.47
2.49 2.47
2.49 2.47
2.49 2.47
2.49 2.69
2.49 2.54
2.49 2.47
2.49 2.54
2.49 2.47
3.49 2.72
3.49 3.07
3.49 3.14
3.49 3.14
3.49 3.29
3.49 3.29
3.49 3.37
3.49 3.37
3.49 3.37
3.49 3.52
3.49 3.44
3.49 3.44
3.49 3.52
3.49 3.44
3.49 3.52
3.49 3.44
3.49 3.44
3.49 3.52
3.49 3.52
3.49 3.52
3.49 3.52
3.49 3.44
3.49 3.44
3.49 3.52
3.49 3.44
3.49 3.52
3.49 3.52
3.49 3.44
3.49 3.44
3.49 3.52
4.49 3.89
4.49 4.04
4.49 4.19
4.49 4.26
4.49 4.26
4.49 4.26
4.49 4.34
4.49 4.34
4.49 4.41
4.49 4.41
4.49 4.41
4.49 4.41
4.49 4.41
4.49 4.49
4.49 4.49
4.49 4.49
4.49 4.49
4.49 4.49
4.49 4.49
4.49 4.49
4.49 4.49
4.49 4.49
4.49 4.49
4.49 4.49
4.49 4.49
4.49 4.49
4.49 4.08
4.49 4.49
4.49 4.49
4.49 4.56
5.49 4.79
5.49 5.09
5.49 5.31
5.49 5.39
5.49 5.31
5.49 5.31
5.49 5.31
5.49 5.39
5.49 5.39
5.49 5.39
5.49 5.46
5.49 5.39
5.49 5.46
5.49 5.46
5.49 5.46
5.49 5.46
5.49 5.46
5.49 5.46
5.49 5.46
5.49 5.46
5.49 5.46
5.49 4.96
5.49 5.46
5.49 5.46
5.49 5.54
5.49 5.46
5.49 5.46
5.49 5.61
5.49 5.61
5.49 5.54
6.49 5.76
6.49 6.13
6.49 6.13
6.49 6.21
6.49 6.28
6.49 5.71
6.49 6.36
6.49 6.28
6.49 6.43
6.49 6.36
6.49 6.43
6.49 6.43
6.49 6.43
6.49 6.43
6.49 6.51
6.49 6.51
6.49 6.51
6.49 6.43
6.49 6.43
6.49 5.92
6.49 6.51
6.49 6.51
6.49 6.51
6.49 6.43
6.49 6.43
6.49 6.51
6.49 6.51
6.49 6.51
6.49 6.43
6.49 6.43
7.49 6.66
7.49 7.03
7.49 7.11
7.49 7.18
7.49 7.18
7.49 7.26
7.49 7.41
7.49 7.63
7.49 7.41
7.49 7.48
7.49 7.48
7.49 7.48
7.49 7.48
7.49 7.48
7.49 6.80
7.49 7.48
7.49 7.48
7.49 7.48
7.49 7.48
7.49 7.48
7.49 7.48
7.49 7.55
7.49 7.55
7.49 7.55
7.49 7.55
7.49 7.48
7.49 7.48
7.49 7.48
7.49 6.80
7.49 7.48
8.49 7.63
8.49 7.85
8.49 7.93
8.49 7.93
8.49 8.00
8.49 8.00
8.49 8.00
8.49 8.00
8.49 8.00
8.49 8.00
8.49 8.00
8.49 8.00
8.49 7.21
8.49 7.93
8.49 8.00
8.49 8.00
8.49 8.00
8.49 8.00
8.49 8.00
8.49 7.93
8.49 8.00
8.49 8.00
8.49 8.00
8.49 8.00
8.49 8.00
8.49 8.00
8.49 7.28
8.49 8.00
8.49 8.00
8.49 8.00
-8.51 7.26
-8.51 -2.02
-8.51 -1.35
-8.51 -2.84
-8.51 -3.74
-8.51 -4.49
-8.51 -5.24
-8.51 -5.68
-8.51 -6.13
-8.51 -6.51
-8.51 -6.88
-8.51 -7.33
-8.51 -7.33
-8.51 -7.41
-8.51 -7.48
-8.51 -7.48
-8.51 -7.41
-8.51 -7.41
-8.51 -7.48
-8.51 -7.41
-8.51 -7.41
-8.51 -7.41
-8.51 -7.41
-8.51 -7.48
-8.51 -7.41
-8.51 -7.41
-8.51 -7.41
-8.51 -7.48
-8.51 -7.48
-8.51 -7.41
-7.51 -7.41
-7.51 -7.41
-7.51 -7.41
-7.51 -7.41
-7.51 -7.41
-7.51 -6.73
-7.51 -7.41
-7.51 -7.41
-7.51 -7.48
-7.51 -7.41
-7.51 -7.41
-7.51 -7.41
-7.51 -7.41
-7.51 -7.41
-7.51 -7.41
-7.51 -7.48
-7.51 -7.41
-7.51 -7.41
-7.51 -7.41
-7.51 -6.73
-7.51 -7.41
-7.51 -7.41
-7.51 -7.48
-7.51 -7.41
-7.51 -7.41
-7.51 -7.41
-7.51 -7.41
-7.51 -7.41
-7.51 -7.41
-7.51 -7.41
-6.51 -6.46
-6.51 -6.96
-6.51 -6.88
-6.51 -6.81
-6.51 -6.73
-6.51 -6.81
-6.51 -6.66
-6.51 -6.66
-6.51 -6.58
-6.51 -6.66
-6.51 -6.58
-6.51 -6.58
-6.51 -6.51
-6.51 -6.58
-6.51 -6.51
-6.51 -6.51
-6.51 -6.51
-6.51 -6.51
-6.51 -6.51
-6.51 -6.51
-6.51 -6.51
-6.51 -6.51
-6.51 -6.43
-6.51 -6.51
-6.51 -6.58
-6.51 -6.51
-6.51 -6.51
-6.51 -6.58
-6.51 -6.58
-6.51 -6.51
-5.51 -6.06
-5.51 -5.91
-5.51 -5.91
-5.51 -5.76
-5.51 -5.76
-5.51 -5.68
-5.51 -5.17
-5.51 -5.61
-5.51 -5.61
-5.51 -5.54
-5.51 -5.61
-5.51 -5.54
-5.51 -5.54
-5.51 -5.54
-5.51 -5.61
-5.51 -5.76
-5.51 -5.61
-5.51 -5.54
-5.51 -5.61
-5.51 -5.54
-5.51 -5.54
-5.51 -5.54
-5.51 -5.54
-5.51 -5.54
-5.51 -5.54
-5.51 -5.54
-5.51 -5.54
-5.51 -5.46
-5.51 -5.54
-5.51 -5.54
-4.51 -5.16
-4.51 -4.49
-4.51 -4.86
-4.51 -4.79
-4.51 -4.71
-4.51 -4.71
-4.51 -4.64
-4.51 -4.64
-4.51 -4.64
-4.51 -4.56
-4.51 -4.56
-4.51 -4.64
-4.51 -4.56
-4.51 -4.56
-4.51 -4.49
-4.51 -4.56
-4.51 -4.56
-4.51 -4.56
-4.51 -4.56
-4.51 -4.49
-4.51 -4.56
-4.51 -4.71
-4.51 -4.64
-4.51 -4.49
-4.51 -4.56
-4.51 -4.56
-4.51 -4.15
-4.51 -4.56
-4.51 -4.56
-4.51 -4.49
-3.51 -4.11
-3.51 -4.04
-3.51 -3.81
-3.51 -3.89
-3.51 -3.96
-3.51 -3.81
-3.51 -3.59
-3.51 -3.59
-3.51 -3.59
-3.51 -3.59
-3.51 -3.59
-3.51 -3.52
-3.51 -3.52
-3.51 -3.52
-3.51 -3.52
-3.51 -3.52
-3.51 -3.67
-3.51 -3.52
-3.51 -3.59
-3.51 -3.59
-3.51 -3.52
-3.51 -3.20
-3.51 -3.52
-3.51 -3.52
-3.51 -3.52
-3.51 -3.59
-3.51 -3.52
-3.51 -3.59
-3.51 -3.59
-3.51 -3.52
-2.51 -3.22
-2.51 -2.92
-2.51 -2.92
-2.51 -2.84
-2.51 -2.77
-2.51 -2.77
-2.51 -2.69
-2.51 -2.69
-2.51 -2.69
-2.51 -2.62
-2.51 -2.62
-2.51 -2.54
-2.51 -2.54
-2.51 -2.54
-2.51 -2.54
-2.51 -2.54
-2.51 -2.31
-2.51 -2.54
-2.51 -2.54
-2.51 -2.54
-2.51 -2.54
-2.51 -2.54
-2.51 -2.47
-2.51 -2.47
-2.51 -2.47
-2.51 -2.54
-2.51 -2.47
-2.51 -2.47
-2.51 -2.47
-2.51 -2.47
-1.51 -2.04
-1.51 -1.87
-1.51 -1.94
-1.51 -1.80
-1.51 -1.72
-1.51 -1.72
-1.51 -1.72
-1.51 -1.65
-1.51 -1.65
-1.51 -1.65
-1.51 -1.57
-1.51 -1.57
-1.51 -1.57
-1.51 -1.57
-1.51 -1.57
-1.51 -1.57
-1.51 -1.50
-1.51 -1.57
-1.51 -1.57
-1.51 -1.50
-1.51 -1.57
-1.51 -1.50
-1.51 -1.50
-1.51 -1.50
-1.51 -1.50
-1.51 -1.50
-1.51 -1.50
-1.51 -1.50
-1.51 -1.36
-1.51 -1.50
-0.51 -1.35
-0.51 -0.90
-0.51 -0.97
-0.51 -0.90
-0.51 -0.75
-0.51 -0.75
-0.51 -0.67
-0.51 -0.67
-0.51 -0.60
-0.51 -0.52
-0.51 -0.52
-0.51 -0.60
-0.51 -0.48
-0.51 -0.60
-0.51 -0.52
-0.51 -0.52
-0.51 -0.52
-0.51 -0.52
-0.51 -0.60
-0.51 -0.45
-0.51 -0.52
-0.51 -0.52
-0.51 -0.52
-0.51 -0.52
-0.51 -0.52
-0.51 -0.52
-0.51 -0.52
-0.51 -0.60
-0.51 -0.52
-0.51 -0.52
0.49 -0.45
0.49 0.00
0.49 0.00
0.49 0.00
0.49 0.07
0.49 0.00
0.49 0.00
0.49 0.00
0.49 0.00
0.49 0.15
0.49 0.45
0.49 0.45
0.49 0.45
0.49 0.45
0.49 0.52
0.49 0.45
0.49 0.45
0.49 0.45
0.49 0.52
0.49 0.48
0.49 0.52
0.49 0.52
0.49 0.41
0.49 0.60
0.49 0.52
0.49 0.52
0.49 0.52
0.49 0.45
0.49 0.52
0.49 0.45
1.49 0.52
1.49 1.05
1.49 1.12
1.49 1.12
1.49 1.27
1.49 1.27
1.49 1.35
1.49 1.35
1.49 1.27
1.49 1.42
1.49 1.42
1.49 1.42
1.49 1.42
1.49 1.42
1.49 1.42
1.49 1.50
1.49 1.42
1.49 1.50
1.49 1.50
1.49 1.50
1.49 1.50
1.49 1.50
1.49 1.57
1.49 1.36
1.49 1.50
1.49 1.50
1.49 1.50
1.49 1.50
1.49 1.50
1.49 1.50
2.49 2.09
2.49 2.09
2.49 2.17
2.49 2.24
2.49 2.24
2.49 2.32
2.49 2.39
2.49 2.39
2.49 2.54
2.49 2.39
2.49 2.47
2.49 2.47
2.49 2.47
2.49 2.47
2.49 2.47
2.49 2.47
2.49 2.47
2.49 2.47
2.49 2.47
2.49 2.47
2.49 2.47
2.49 2.47
2.49 2.54
2.49 2.47
2.49 2.31
2.49 2.47
2.49 2.47
2.49 2.47
2.49 2.54
2.49 2.47
3.49 3.07
3.49 3.07
3.49 3.14
3.49 3.37
3.49 3.29
3.49 3.29
3.49 3.37
3.49 3.37
3.49 3.44
3.49 3.44
3.49 3.37
3.49 3.44
3.49 3.44
3.49 3.44
3.49 3.44
3.49 3.52
3.49 3.52
3.49 3.59
3.49 3.52
3.49 3.52
3.49 3.52
3.49 3.44
3.49 3.52
3.49 3.44
3.49 3.52
3.49 3.52
3.49 3.52
3.49 3.52
3.49 3.52
3.49 3.52
4.49 3.96
4.49 4.04
4.49 4.19
4.49 3.88
4.49 4.26
4.49 4.34
4.49 4.41
4.49 4.41
4.49 4.34
4.49 4.41
4.49 4.49
4.49 4.49
4.49 4.49
4.49 4.49
4.49 4.49
4.49 4.41
4.49 4.49
4.49 4.41
4.49 4.49
4.49 4.49
4.49 4.49
4.49 4.49
4.49 4.49
4.49 4.49
4.49 4.49
4.49 4.49
4.49 4.49
4.49 4.49
4.49 4.49
4.49 4.49
5.49 4.86
5.49 5.09
5.49 5.09
5.49 5.24
5.49 5.24
5.49 5.31
5.49 5.31
5.49 5.39
5.49 5.39
5.49 5.46
5.49 5.39
5.49 5.46
5.49 5.46
5.49 5.39
5.49 5.46
5.49 5.46
5.49 5.46
5.49 5.54
5.49 5.54
5.49 5.46
5.49 5.54
5.49 5.46
5.49 5.54
5.49 5.54
5.49 5.61
5.49 5.61
5.49 5.54
5.49 5.54
5.49 5.46
5.49 5.46
6.49 5.83
6.49 6.06
6.49 6.13
6.49 6.21
6.49 6.28
6.49 6.36
6.49 6.36
6.49 6.36
6.49 6.43
6.49 6.43
6.49 6.43
6.49 6.51
6.49 6.51
6.49 6.51
6.49 6.43
6.49 6.51
6.49 6.51
6.49 6.51
6.49 6.51
6.49 6.43
6.49 6.51
6.49 6.51
6.49 6.51
6.49 6.51
6.49 6.51
6.49 6.51
6.49 6.51
6.49 6.51
6.49 6.51
6.49 6.51
7.49 6.66
7.49 7.03
7.49 7.11
7.49 7.18
7.49 7.18
7.49 7.26
7.49 7.33
7.49 7.33
7.49 7.33
7.49 7.41
7.49 7.41
7.49 6.80
7.49 7.48
7.49 7.48
7.49 7.55
7.49 7.70
7.49 7.48
7.49 7.48
7.49 7.55
7.49 7.55
7.49 7.55
7.49 7.55
7.49 7.55
7.49 7.55
7.49 7.48
7.49 7.48
7.49 7.48
7.49 7.48
7.49 7.48
7.49 7.48
8.49 7.55
8.49 7.78
8.49 7.93
8.49 8.00
8.49 8.00
8.49 7.93
8.49 8.00
8.49 7.93
8.49 8.00
8.49 8.00
8.49 8.00
8.49 8.00
8.49 8.00
8.49 8.00
8.49 8.00
8.49 8.00
8.49 8.00
8.49 7.93
8.49 8.00
8.49 7.93
8.49 7.28
8.49 8.00
8.49 8.00
8.49 8.00
8.49 7.93
8.49 8.00
8.49 8.00
8.49 8.00
8.49 8.00
8.49 8.00
-8.51 5.76
-8.51 -1.87
-8.51 -1.72
-8.51 -2.99
-8.51 -3.47
-8.51 -4.49
-8.51 -5.16